cam_model: Pinhole
cam_width: 1920
cam_height: 1200
cam_fx: 1067.79825252945
cam_fy: 1067.37723986085
cam_cx: 957.149889941676
cam_cy: 610.343040724646
cam_d0: -0.143286949426669
cam_d1: 0.0785595897696714
cam_d2: 0
cam_d3: 0