feature_extract_enable : 0
point_filter_num : 4
max_iteration : 10
dense_map_enable : 1
filter_size_surf : 0.5 # 0.3
filter_size_map : 0.5 # 0.4
cube_side_length : 20 
debug : 0
grid_size : 40
patch_size : 8
img_enable : 1
lidar_enable : 1
outlier_threshold : 50
ncc_en: true
ncc_thre: 0.5
img_point_cov : 1000
laser_point_cov : 0.001
cam_fx: 509.446727
cam_fy: 509.530526
cam_cx: 300.236656
cam_cy: 245.032222

common:
    lid_topic:  "/velodyne_points"
    imu_topic:  "/imu/data"

preprocess:
    lidar_type: 2  # Velodyne
    scan_line: 16
    blind: 4 # blind x m disable

mapping:
    acc_cov_scale: 100 #10
    gyr_cov_scale: 10000 #10
    fov_degree:    180
    # T_lidar_imu
    extrinsic_T: [-0.0148149, -0.108094, -0.124959]
    extrinsic_R: [-0.0132882,  0.999893,  -0.006196,
                  -0.999883,  -0.0133347, -0.00753585,
                  -0.00761767, 0.00609514, 0.999952]

camera:
    img_topic: /usb_cam/image_raw
    # T_cam_lida
    Rcl: [1.75253772e-03,  -9.99894393e-01,  -1.44267919e-02,  
         -1.08592093e-02,   1.44069342e-02,  -9.99837246e-01,  
          9.99939501e-01,   1.90891604e-03,  -1.08328138e-02]  
    Pcl: [8.03186581e-04, -7.11170322e-02, -4.66046043e-02]
