feature_extract_enable : 0
point_filter_num : 2
max_iteration : 10
dense_map_enable : 1
filter_size_surf : 0.1 # 建议室内：0.05~0.15；室外：0.3~0.5
filter_size_map : 0.1 # 建议室内：0.15~0.3；室外：0.4~0.5
cube_side_length : 20
debug : 0
grid_size : 30 # 40
patch_size : 6 #8
img_enable : 1
lidar_enable : 1
outlier_threshold : 300 # 78 100 156 建议较暗的场景为50~250，较亮的场景为500~1000。该值越小，vio子模块越快，但抗退化能力越弱。
ncc_en: false 
ncc_thre: 0 
img_point_cov : 1 # 100 The covariance of photometric errors per pixel.
laser_point_cov : 0.001 # 0.001 The covariance of point-to-plane redisual per point.
cam_fx: 426.551167166986
cam_fy: 426.6142447926181
cam_cx: 429.1314081919893
cam_cy: 247.64043896840604

common:
    lid_topic:  "/livox/lidar"
    imu_topic:  "/new_imu"

preprocess:
    lidar_type: 1 # Livox Avia LiDAR
    scan_line: 1
    blind: 0.1 # blind x m disable

mapping:
    acc_cov_scale: 1 #100
    gyr_cov_scale: 0.01 #10000
    fov_degree:    70
    # extrinsic_T: [ 0.04165, 0.02326, -0.0284 ]
    # extrinsic_R: [ 1, 0, 0,
    #                0, 1, 0,
    #                0, 0, 1]
    ## imu to lidar
    # extrinsic_T: [ 0.0275814, -0.0145758, 0.085423 ]
    # extrinsic_R: [ 0.04679, -0.0232119,   0.998635,
    #                -0.998811, -0.0148067,  0.046454,
    #                0.0137082,  -0.999621, -0.0238771]
    # # lidar to imu
    # extrinsic_T: [ -0.017020, 0.085815, -0.024827 ]
    # extrinsic_R: [ 0.046790, -0.998811,  0.013708,
    #                -0.023212, -0.014807, -0.999621,
    #                0.998635,  0.046454, -0.023877]
    extrinsic_T: [ -0.0275814, 0.0145758, -0.085423 ]
    extrinsic_R: [ 1, 0, 0,
                   0, 1, 0,
                   0, 0, 1]


camera:
    # img_topic: /usb_cam/image_raw
    # img_topic:  /camera/image_color
    # img_topic: "/camera/color/image_raw"
    img_topic: "/color/image"
    #xiyuan
    # lidar to camera
    Rcl: [0.0110805,-0.999823,0.0151929,
         -0.0410198,-0.0156355,-0.999036,
          0.999097,0.0104466,-0.0411858]
    Pcl: [0.0183, 0.0762623, -0.0305996]
    # camera to lidar
    # Rcl: [0.0110805, -0.0410198, 0.999097,
    #      -0.999823, -0.0156355, 0.0104466,
    #       0.0151929, -0.999036, -0.0411858]
    # Pcl: [0.0334975, 0.0198088, 0.0746505]
